  1, 149, 112, 147
  2, 175, 172, 131
  3,  95,  94,  52
  4, 214, 170, 125
  5, 231, 181, 215
  6, 116, 115,  14
  7,  90,  87,   6
  8, 104, 103,  16
  9, 105, 104,  17
 10,  89,  47,  88
 11, 130,  88, 129
 12, 108, 107,  20
 13, 132,  89, 130
 14, 101, 100,  44
 15, 110, 109,  22
 16,  97,  96,   4
 17, 248, 219, 242
 18, 111,  25, 102
 19, 112, 102,  26
 20, 217, 198, 114
 21, 113, 112,  27
 22, 114,  29,  30
 23,  29,   2,  30
 24, 114, 113,  28
 25, 198, 147, 113
 26,  96,  42,   4
 27, 120, 119,  34
 28, 127,  36, 121
 29, 167, 121, 135
 30, 161, 121,  37
 31, 161,   3,  38
 32, 161,  37,   3
 33, 176, 167, 135
 34, 133,  41,  91
 35,  91,  41,  42
 36,  96,  91,  42
 37, 101,  44,  45
 38, 101,  45,  99
 39,  99,  46,  98
 40,  98,   5,  89
 41,  88,  48,  87
 42,  87,  48,   6
 43,  92,  90,  49
 44,  93,  92,  50
 45,  94,  93,  51
 46,  95,  53,  54
 47,  54,  53,   7
 48, 170,  94,  95
 49, 122,  57,  58
 50, 123, 122,  58
 51, 128,  60, 124
 52, 169, 144, 115
 53, 144,  12,  13
 54, 144, 124,  61
 55,  61,   1,  12
 56,  90,   6,  49
 57, 148, 145, 104
 58, 106, 105,  18
 59,  88,  47,  48
 60, 107, 106,  19
 61,  89,   5,  47
 62,  92,  49,  50
 63, 136,  92,  93
 64, 196, 186, 155
 65, 119, 118,  33
 66,  93,  50,  51
 67, 116,  15, 103
 68,  94,  51,  52
 69, 159,  57, 122
 70,  95,  52,  53
 71, 170, 160, 125
 72, 160,  54,  55
 73, 125,  55,  56
 74,  97,   4,  43
 75, 139, 137,  96
 76, 100,  43,  44
 77, 184, 141, 183
 78, 143,  98, 132
 79,  98,  46,   5
 80, 109, 108,  21
 81,  99,  45,  46
 82, 228, 189, 226
 83, 100,  97,  43
 84, 154, 109, 150
 85, 141, 101, 140
 86, 102,  25,  26
 87, 112,  26,  27
 88, 103,  15,  16
 89, 104,  16,  17
 90, 105,  17,  18
 91, 131, 129,  87
 92, 106,  18,  19
 93, 151, 148, 105
 94, 107,  19,  20
 95, 264, 209, 245
 96, 108,  20,  21
 97, 173, 130, 171
 98, 109,  21,  22
 99, 143, 140,  99
100, 110,  22,  23
101, 154, 153, 108
102, 117,  23,  24
103, 141, 100, 101
104, 111,  24,  25
105, 197, 196, 149
106, 113,  27,  28
107, 118,  32,  33
108, 114,  28,  29
109, 163, 126, 118
110, 217,  30,  31
111, 126,  32, 118
112, 115,  13,  14
113, 116,  14,  15
114, 192, 190, 156
115, 156, 103, 145
116, 117, 110,  23
117, 117,  24, 111
118, 119,  33,  34
119, 232, 198, 163
120, 120,  34,  35
121, 165, 164, 119
122, 127,  35,  36
123, 168, 127, 167
124, 121,  36,  37
125, 135,  40, 133
126, 166, 162, 123
127, 123,  58,  59
128, 128,  59,  60
129, 234, 190, 200
130, 124,  60,  61
131, 144,  61,  12
132, 170,  95, 160
133, 159, 125,  56
134, 217, 126, 198
135, 126,  31,  32
136, 204, 167, 176
137, 127, 120,  35
138, 157, 116, 156
139, 128, 123,  59
140, 129,  88,  87
141, 131,  87,  90
142, 152, 151, 106
143, 130,  89,  88
144, 138,  90,  92
145, 227, 193, 222
146, 153, 152, 107
147, 132,  98,  89
148, 133,  40,  41
149, 179,  91, 137
150, 136,  93, 134
151, 134,  93,  94
152, 161, 135, 121
153, 135,  39,  40
154, 177, 134, 174
155, 138,  92, 136
156, 137,  91,  96
157, 139,  96,  97
158, 181, 138, 136
159, 138, 131,  90
160, 142,  97, 100
161, 182, 178, 139
162, 140, 101,  99
163, 143,  99,  98
164, 158, 150, 110
165, 142, 100, 141
166, 158, 117, 146
167, 142, 139,  97
168, 180, 132, 173
169, 199, 143, 180
170, 144,  13, 115
171, 169, 115, 157
172, 145, 103, 104
173, 148, 104, 105
174, 146, 117, 111
175, 155, 111, 102
176, 147, 112, 113
177, 232, 201, 197
178, 151, 105, 106
179, 172, 171, 129
180, 242, 220, 237
181, 149, 102, 112
182, 150, 109, 110
183, 158, 110, 117
184, 152, 106, 107
185, 194, 188, 151
186, 153, 107, 108
187, 207, 171, 206
188, 154, 108, 109
189, 210, 173, 207
190, 189, 150, 185
191, 226, 185, 225
192, 155, 146, 111
193, 155, 102, 149
194, 169, 166, 128
195, 156, 116, 103
196, 234, 157, 190
197, 157, 115, 116
198, 224, 186, 219
199, 225, 187, 224
200, 159,  56,  57
201, 205, 122, 162
202, 160,  95,  54
203, 160,  55, 125
204, 161,  38,  39
205, 161,  39, 135
206, 236, 208, 205
207, 162, 122, 123
208, 164, 118, 119
209, 164, 163, 118
210, 165, 119, 120
211, 202, 201, 164
212, 168, 120, 127
213, 244, 239, 211
214, 166, 123, 128
215, 190, 157, 156
216, 167, 127, 121
217, 176, 135, 133
218, 239, 238, 203
219, 168, 165, 120
220, 169, 128, 124
221, 169, 124, 144
222, 214, 174, 170
223, 170, 134,  94
224, 171, 130, 129
225, 172, 129, 131
226, 175, 131, 138
227, 209, 206, 172
228, 195, 153, 191
229, 173, 132, 130
230, 174, 134, 170
231, 214, 205, 174
232, 181, 136, 177
233, 193, 148, 188
234, 179, 176, 133
235, 239, 204, 212
236, 177, 136, 134
237, 208, 174, 205
238, 178, 137, 139
239, 182, 139, 142
240, 179, 133,  91
241, 211, 137, 178
242, 191, 154, 189
243, 180, 143, 132
244, 229, 192, 227
245, 181, 175, 138
246, 184, 142, 141
247, 218, 184, 216
248, 183, 141, 140
249, 199, 140, 143
250, 259, 252, 216
251, 184, 182, 142
252, 185, 150, 158
253, 187, 158, 146
254, 186, 146, 155
255, 196, 155, 149
256, 187, 185, 158
257, 187, 146, 186
258, 188, 148, 151
259, 194, 151, 152
260, 235, 233, 199
261, 189, 154, 150
262, 234, 200, 166
263, 192, 156, 145
264, 195, 194, 152
265, 191, 153, 154
266, 193, 192, 145
267, 264, 249, 246
268, 193, 145, 148
269, 264, 246, 240
270, 195, 152, 153
271, 250, 241, 240
272, 259, 256, 255
273, 241, 207, 240
274, 197, 149, 147
275, 220, 219, 196
276, 232, 197, 147
277, 201, 163, 164
278, 198, 113, 114
279, 198, 126, 163
280, 199, 183, 140
281, 235, 180, 210
282, 215, 177, 208
283, 200, 162, 166
284, 202, 164, 165
285, 237, 220, 201
286, 203, 202, 165
287, 263, 238, 244
288, 203, 165, 168
289, 204, 203, 168
290, 204, 168, 167
291, 212, 176, 179
292, 205, 159, 122
293, 236, 162, 200
294, 206, 171, 172
295, 209, 172, 175
296, 223, 221, 194
297, 207, 173, 171
298, 243, 208, 236
299, 208, 177, 174
300, 231, 175, 181
301, 222, 188, 221
302, 230, 191, 228
303, 210, 180, 173
304, 211, 179, 137
305, 244, 178, 213
306, 212, 204, 176
307, 212, 179, 211
308, 213, 178, 182
309, 218, 182, 184
310, 214, 125, 159
311, 214, 159, 205
312, 253, 249, 245
313, 215, 181, 177
314, 216, 184, 183
315, 233, 183, 199
316, 217, 114,  30
317, 217,  31, 126
318, 252, 247, 218
319, 218, 213, 182
320, 219, 186, 196
321, 220, 196, 197
322, 220, 197, 201
323, 237, 201, 202
324, 221, 188, 194
325, 223, 194, 195
326, 258, 245, 231
327, 222, 193, 188
328, 230, 195, 191
329, 250, 240, 246
330, 251, 248, 247
331, 224, 187, 186
332, 252, 251, 247
333, 225, 185, 187
334, 262, 257, 256
335, 226, 189, 185
336, 261, 243, 236
337, 227, 192, 193
338, 262, 256, 259
339, 228, 191, 189
340, 229, 200, 190
341, 229, 190, 192
342, 254, 241, 250
343, 230, 223, 195
344, 231, 209, 175
345, 258, 215, 243
346, 232, 147, 198
347, 232, 163, 201
348, 233, 216, 183
349, 235, 199, 180
350, 234, 166, 169
351, 234, 169, 157
352, 260, 210, 241
353, 257, 228, 256
354, 236, 205, 162
355, 261, 200, 229
356, 238, 237, 202
357, 242, 237, 238
358, 238, 202, 203
359, 239, 203, 204
360, 239, 212, 211
361, 244, 211, 178
362, 240, 207, 206
363, 240, 206, 209
364, 254, 250, 223
365, 241, 210, 207
366, 263, 247, 248
367, 242, 219, 220
368, 253, 229, 227
369, 243, 215, 208
370, 263, 213, 247
371, 244, 238, 239
372, 258, 253, 245
373, 245, 209, 231
374, 246, 222, 221
375, 250, 246, 221
376, 247, 213, 218
377, 252, 218, 216
378, 248, 224, 219
379, 263, 248, 242
380, 249, 227, 222
381, 249, 222, 246
382, 250, 221, 223
383, 254, 223, 230
384, 251, 225, 224
385, 251, 224, 248
386, 259, 216, 233
387, 255, 251, 252
388, 261, 253, 243
389, 253, 227, 249
390, 257, 230, 228
391, 260, 254, 257
392, 255, 226, 225
393, 255, 225, 251
394, 256, 228, 226
395, 256, 226, 255
396, 262, 260, 257
397, 257, 254, 230
398, 258, 231, 215
399, 258, 243, 253
400, 259, 255, 252
401, 262, 259, 233
402, 260, 235, 210
403, 260, 241, 254
404, 261, 236, 200
405, 261, 229, 253
406, 262, 233, 235
407, 262, 235, 260
408, 263, 242, 238
409, 263, 244, 213
410, 264, 240, 209
411, 264, 245, 249
412,  74,  62,  63
413,  67,   5,  46
414, 265,  67,  46
415, 274, 271,  71
416, 274,  72, 267
417, 267,  64,  65
418, 270,  63,  64
419,  68,  43,   4
420, 268,  43,  68
421, 269,  44, 268
422, 275,  46,  45
423,  74,   8,  62
424,  73,  74,  63
425, 270, 267,  72
426, 274, 266, 271
427, 273, 266, 265
428, 273, 272, 271
429, 268,  68,  69
430, 265,  66,  67
431, 272, 268,  69
432, 266,  65,  66
433, 266,  66, 265
434, 270,  72,  73
435, 267,  65, 266
436, 272,  69,  70
437, 268,  44,  43
438, 275, 269, 273
439, 269,  45,  44
440, 270,  73,  63
441, 270,  64, 267
442, 273, 269, 272
443, 271,  70,  71
444, 272, 269, 268
445, 272,  70, 271
446, 273, 271, 266
447, 275, 273, 265
448, 274,  71,  72
449, 274, 267, 266
450, 275, 265,  46
451, 275,  45, 269
452, 279,  47,  67
453, 289, 280, 278
454, 284,  76, 277
455, 286,  78,  11
456, 279, 276,  47
457, 280, 279,  66
458, 282,  63, 281
459, 291, 282, 281
460, 283, 281,  62
461, 285,  75, 284
462,  77,  76,   9
463, 286, 284, 277
464,  78,  10,  11
465, 277,  77,  78
466,  48,  86,   6
467, 288,  86, 276
468, 289, 288, 280
469, 290, 278, 282
470, 292, 291, 281
471, 292, 281, 283
472, 293, 283, 285
473, 287, 284, 286
474,  47,   5,  67
475, 276,  48,  47
476, 279,  67,  66
477, 276,  86,  48
478, 277,  76,  77
479, 286, 277,  78
480, 278,  65,  64
481, 282,  64,  63
482, 280,  66,  65
483, 288, 279, 280
484, 280,  65, 278
485, 290, 289, 278
486, 281,  63,  62
487, 283,  62,   8
488, 291, 290, 282
489, 282, 278,  64
490, 285,   8,  75
491, 293, 292, 283
492, 287, 285, 284
493, 284,  75,  76
494, 293, 285, 287
495, 285, 283,   8
496, 286,  11,  79
497, 287, 286,  79
498, 287,  79,  80
499, 293, 287,  80
500, 288,  85,  86
501, 288, 276, 279
502, 289,  84,  85
503, 289,  85, 288
504, 290,  83,  84
505, 290,  84, 289
506, 291,  82,  83
507, 291,  83, 290
508, 292,  81,  82
509, 292,  82, 291
510, 293,  80,  81
511, 293,  81, 292