 1,  -28.5125008,         -47.
      2,   65.4875031,         -47.
      3,   65.4875031,           0.
      4,   36.9749985,           0.
      5,   12.6000004,           0.
      6,           0.,           0.
      7,  -28.5125008,           0.
      8,   12.6000004,         32.5
      9,   12.6000004,          47.
     10,           0.,          47.
     11,           0.,          44.
     12,  -23.5651321,         -47.
     13,  -18.6177635,         -47.
     14,  -13.6703949,         -47.
     15,  -8.72302628,         -47.
     16,  -3.77565789,         -47.
     17,   1.17171049,         -47.
     18,   6.11907911,         -47.
     19,   11.0664473,         -47.
     20,   16.0138149,         -47.
     21,   20.9611835,         -47.
     22,   25.9085522,         -47.
     23,   30.8559208,         -47.
     24,   35.8032913,         -47.
     25,   40.7506561,         -47.
     26,   45.6980247,         -47.
     27,   50.6453934,         -47.
     28,    55.592762,         -47.
     29,   60.5401306,         -47.
     30,   65.4875031,  -41.7777786
     31,   65.4875031,  -36.5555573
     32,   65.4875031,   -31.333334
     33,   65.4875031,  -26.1111107
     34,   65.4875031,  -20.8888893
     35,   65.4875031,   -15.666667
     36,   65.4875031,  -10.4444447
     37,   65.4875031,  -5.22222233
     38,   60.7354164,           0.
     39,   55.9833336,           0.
     40,   51.2312508,           0.
     41,   46.4791679,           0.
     42,   41.7270851,           0.
     43,   32.0999985,           0.
     44,   27.2250004,           0.
     45,   22.3500004,           0.
     46,   17.4750004,           0.
     47,   8.39999962,           0.
     48,   4.19999981,           0.
     49,   -4.7520833,           0.
     50,   -9.5041666,           0.
     51,  -14.2562504,           0.
     52,  -19.0083332,           0.
     53,   -23.760416,           0.
     54,  -28.5125008,  -5.22222233
     55,  -28.5125008,  -10.4444447
     56,  -28.5125008,   -15.666667
     57,  -28.5125008,  -20.8888893
     58,  -28.5125008,  -26.1111107
     59,  -28.5125008,   -31.333334
     60,  -28.5125008,  -36.5555573
     61,  -28.5125008,  -41.7777786
     62,   12.6000004,   27.8571434
     63,   12.6000004,   23.2142849
     64,   12.6000004,   18.5714283
     65,   12.6000004,   13.9285717
     66,   12.6000004,   9.28571415
     67,   12.6000004,   4.64285707
     68,   33.9281235,       4.0625
     69,   30.8812504,        8.125
     70,   27.8343754,      12.1875
     71,   24.7875004,        16.25
     72,   21.7406254,      20.3125
     73,   18.6937504,       24.375
     74,   15.6468754,      28.4375
     75,   12.6000004,   37.3333321
     76,   12.6000004,   42.1666679
     77,   8.39999962,          47.
     78,   4.19999981,          47.
     79,           0.,   39.1111107
     80,           0.,   34.2222214
     81,           0.,    29.333334
     82,           0.,   24.4444447
     83,           0.,   19.5555553
     84,           0.,    14.666667
     85,           0.,   9.77777767
     86,           0.,   4.88888884
     87,    2.0487473,  -3.86277771
     88,     6.285151,   -3.8424468
     89,   10.5493441,  -3.92361927
     90,   -2.4208436,  -3.96712041
     91,   44.0950127,  -4.15610027
     92,  -7.10872459,  -4.06037283
     93,  -11.8672819,  -4.17285013
     94,  -16.7810783,  -4.35273981
     95,  -21.9949493,  -4.49524927
     96,   39.3443031,  -4.17138338
     97,   34.5274124,  -4.18971443
     98,    15.090457,  -4.04003572
     99,   19.8959866,  -4.13418436
    100,   29.6619339,  -4.19791937
    101,   24.7754459,  -4.18332338
    102,   43.2234726,  -42.7110481
    103,  -6.25356865,  -42.7222977
    104,  -1.30183065,  -42.7374954
    105,   3.64562869,  -42.7426529
    106,   8.59199333,  -42.7411385
    107,   13.5387497,  -42.7358055
    108,   18.4862728,  -42.7302551
    109,   23.4342003,  -42.7257309
    110,   28.3820534,  -42.7233963
    111,   38.2763977,  -42.7177086
    112,   48.2028389,  -42.6805573
    113,   53.3262291,  -42.4968491
    114,   58.7573509,  -42.3579483
    115,  -16.3830738,  -42.3263664
    116,  -11.2411432,  -42.5842209
    117,   33.3295555,  -42.7220612
    118,   60.9782944,  -28.8212624
    119,   61.0076332,  -23.5269737
    120,   60.9911766,  -18.2848415
    121,   60.5737801,  -7.87138176
    122,  -23.9479504,  -23.1660538
    123,  -24.0409012,  -28.6381359
    124,  -24.4410667,  -38.2832108
    125,   -24.267849,  -12.6350727
    126,   61.0144234,  -34.0452805
    127,   60.8472023,   -13.070919
    128,  -24.0645828,  -33.8664207
    129,   4.18013906,   -7.7372489
    130,   8.35574627,  -7.79734612
    131, -0.128672078,  -7.86790705
    132,   12.7363195,  -7.98015213
    133,   49.0498924,  -4.38045263
    134,  -14.2938662,  -8.68430805
    135,   54.9359627,  -4.94064283
    136,  -9.41607952,  -8.30490303
    137,   41.7445679,  -8.29574776
    138,  -4.69195366,  -8.06324768
    139,   36.9534149,  -8.35880566
    140,   22.2849293,  -8.31734562
    141,   27.2050686,  -8.37756062
    142,   32.0983124,  -8.38285255
    143,    17.420145,  -8.16925335
    144,  -21.8001308,  -42.2488518
    145,  -3.77383566,  -38.4719543
    146,    35.800396,   -38.442524
    147,   50.7616043,  -38.1718521
    148,   1.17413187,  -38.4983025
    149,   45.7570229,  -38.3380928
    150,   25.9066963,  -38.4558449
    151,   6.11687183,   -38.504364
    152,   11.0601654,   -38.496109
    153,   16.0069237,  -38.4817162
    154,   20.9561901,  -38.4683914
    155,   40.7537193,  -38.4153481
    156,  -8.74769211,  -38.2999268
    157,  -13.7622051,  -38.0081177
    158,   30.8542976,  -38.4508743
    159,   -24.137373,  -17.6855526
    160,  -24.5725536,  -8.39219952
    161,   60.5339165,  -3.00570774
    162,  -19.2744656,  -25.7865925
    163,   56.4857445,  -31.6472912
    164,   56.4184151,  -26.2998848
    165,   56.5174637,  -20.9394531
    166,  -19.4426918,  -31.4090233
    167,   55.9950218,  -10.6413631
    168,   56.4167175,  -15.7792149
    169,  -19.3621101,  -37.1464386
    170,  -19.8516064,   -9.5117054
    171,   6.28169107,  -11.5373955
    172,   2.27630377,  -11.7226191
    173,   10.4093151,  -11.8208685
    174,  -16.5157051,  -13.7214642
    175,  -2.11853051,  -12.1187859
    176,   51.1129265,  -8.90669441
    177,   -11.630682,  -12.9002361
    178,    39.564682,  -12.4862919
    179,   46.4314423,  -8.27756691
    180,    14.919713,  -12.1176214
    181,  -6.82971144,  -12.3960972
    182,   34.6177788,  -12.5778246
    183,   24.6886101,  -12.5236349
    184,   29.6607609,  -12.5756083
    185,   28.3755817,   -34.192009
    186,   38.2551994,  -34.1609764
    187,   33.3178635,  -34.1798096
    188,   3.64703465,  -34.2890739
    189,   23.4232082,  -34.2102318
    190,  -11.2572088,  -33.8843536
    191,   18.4693317,  -34.2368202
    192,  -6.26449251,  -34.1182327
    193,  -1.29145443,  -34.2485542
    194,   8.57994366,  -34.2868385
    195,   13.5197649,    -34.26754
    196,   43.2641907,   -34.097187
    197,   48.2719498,  -33.9859924
    198,   56.3344231,  -37.3333321
    199,    19.734375,  -12.3567209
    200,  -14.2850208,  -29.0878887
    201,   51.3726158,  -29.3432312
    202,   51.8304176,  -23.6264992
    203,   51.7997704,  -18.4027843
    204,   51.8632622,    -13.49646
    205,  -18.9875679,   -19.390667
    206,   4.54406929,  -15.0627794
    207,   8.14891148,  -15.8351374
    208,  -13.4961891,  -17.9073696
    209,  0.610770285,   -16.880827
    210,   12.6065178,  -16.2410355
    211,   44.3688164,  -12.1526232
    212,   48.2606087,  -11.6793575
    213,   37.4540901,  -16.8119068
    214,  -20.7520199,   -14.588892
    215,  -8.78844261,  -16.8659973
    216,   27.2699432,  -16.7999153
    217,   61.4162407,  -38.4139786
    218,   32.3893433,    -16.86269
    219,   40.7531853,  -29.8792267
    220,   45.8273506,  -29.8015919
    221,   6.03716898,  -29.9628944
    222,   1.18289888,  -29.9866409
    223,   10.8917103,  -29.8811607
    224,   35.7272453,  -29.8904057
    225,    30.718626,  -29.8882809
    226,   25.7154198,  -29.8865414
    227,  -3.75274634,  -29.7962589
    228,   20.6858788,   -29.861145
    229,  -8.78162003,  -29.5847054
    230,   15.7035637,  -29.8181591
    231,  -4.36603022,  -16.5841541
    232,   52.6452675,  -34.0963402
    233,    22.255806,  -16.6732044
    234,  -15.6218472,  -33.9071655
    235,    17.388586,  -16.5069294
    236,  -14.5117445,  -23.2445812
    237,   47.7726631,  -25.8855362
    238,   46.4822159,  -20.9814701
    239,   47.5652885,  -15.5533543
    240,   5.21356964,  -20.1746044
    241,   10.3525391,  -20.6183987
    242,   43.2544899,  -25.5563126
    243,  -10.0607157,  -21.4597244
    244,     42.65868,  -16.5244389
    245,  -2.72740483,  -21.0081444
    246,   3.46463776,  -25.5118885
    247,    35.275528,  -21.2015495
    248,   38.0908775,  -25.5428486
    249,  -1.15349996,  -25.5033646
    250,   8.15706539,  -25.2505646
    251,   32.9821663,  -25.5420036
    252,   30.1358509,  -21.1709213
    253,  -6.25357771,  -24.7412777
    254,   12.9472408,  -25.2659054
    255,   27.8885746,   -25.508379
    256,   22.7980099,  -25.4273434
    257,   17.8249664,  -25.3375931
    258,  -6.43923426,  -20.1318588
    259,   25.0427742,  -21.0855751
    260,   15.1713858,  -20.8172588
    261,  -10.7785358,  -25.6236362
    262,   20.0802536,  -20.9746513
    263,   40.5359802,  -21.1030884
    264,   1.08161449,  -21.8157654
    265,   17.0501881,   6.02015734
    266,   17.7991543,   11.4279213
    267,   17.0186939,    16.676281
    268,   29.1066551,   3.95421624
    269,   24.4581013,   3.76419258
    270,   16.5306149,   20.6298981
    271,   23.1357193,   11.7125368
    272,   26.1464596,    7.8551631
    273,   21.5176716,   7.36970091
    274,   20.8963375,   15.2758474
    275,   20.5701923,   3.43081021
    276,   5.11494637,    3.7883966
    277,    7.4841404,   43.4253693
    278,   8.42978382,    15.619132
    279,    8.5934391,   6.07010603
    280,    8.4789629,    10.917078
    281,   8.41977406,   25.1128521
    282,   8.41831303,    20.384903
    283,   8.40430546,   29.8639984
    284,   8.20455933,   39.3143768
    285,   8.35753441,    34.628727
    286,   4.00472307,   41.6043701
    287,   4.12725353,   36.8110161
    288,   4.40763044,   8.01763725
    289,   4.25820684,   12.7471189
    290,   4.22229338,   17.5467777
    291,   4.21441746,   22.3653908
    292,   4.20586681,   27.1842175
    293,   4.18249369,   32.0072517