 1,       3202.5,        270.5
      2,    2715.6001,           0.
      3,    4889.3999,           0.
      4,       4402.5,        270.5
      5,       3157.5,         293.
      6,       1657.5,         293.
      7,        1650.,         290.
      8,       1612.5,         275.
      9,        412.5,         275.
     10,           0.,           0.
     11,    3121.3501,   225.416672
     12,   3040.19995,   180.333328
     13,   2959.05005,       135.25
     14,    2877.8999,   90.1666641
     15,      2796.75,   45.0833321
     16,   2814.40918,           0.
     17,   2913.21826,           0.
     18,   3012.02734,           0.
     19,   3110.83643,           0.
     20,   3209.64551,           0.
     21,   3308.45459,           0.
     22,   3407.26367,           0.
     23,   3506.07275,           0.
     24,   3604.88184,           0.
     25,   3703.69092,           0.
     26,       3802.5,           0.
     27,   3901.30908,           0.
     28,   4000.11816,           0.
     29,   4098.92725,           0.
     30,   4197.73633,           0.
     31,   4296.54541,           0.
     32,   4395.35449,           0.
     33,   4494.16357,           0.
     34,   4592.97266,           0.
     35,   4691.78174,           0.
     36,   4790.59082,           0.
     37,      4808.25,   45.0833321
     38,    4727.1001,   90.1666641
     39,    4645.9502,       135.25
     40,    4564.7998,   180.333328
     41,    4483.6499,   225.416672
     42,       4302.5,        270.5
     43,       4202.5,        270.5
     44,       4102.5,        270.5
     45,       4002.5,        270.5
     46,       3902.5,        270.5
     47,       3802.5,        270.5
     48,       3702.5,        270.5
     49,       3602.5,        270.5
     50,       3502.5,        270.5
     51,       3402.5,        270.5
     52,       3302.5,        270.5
     53,       3057.5,         293.
     54,       2957.5,         293.
     55,       2857.5,         293.
     56,       2757.5,         293.
     57,       2657.5,         293.
     58,       2557.5,         293.
     59,       2457.5,         293.
     60,       2357.5,         293.
     61,       2257.5,         293.
     62,       2157.5,         293.
     63,       2057.5,         293.
     64,       1957.5,         293.
     65,       1857.5,         293.
     66,       1757.5,         293.
     67,       1512.5,         275.
     68,       1412.5,         275.
     69,       1312.5,         275.
     70,       1212.5,         275.
     71,       1112.5,         275.
     72,       1012.5,         275.
     73,        912.5,         275.
     74,        812.5,         275.
     75,        712.5,         275.
     76,        612.5,         275.
     77,        512.5,         275.
     78,         330.,         220.
     79,        247.5,         165.
     80,         165.,         110.
     81,         82.5,          55.
     82,   100.577774,           0.
     83,   201.155548,           0.
     84,   301.733337,           0.
     85,   402.311096,           0.
     86,   502.888885,           0.
     87,   603.466675,           0.
     88,   704.044434,           0.
     89,   804.622192,           0.
     90,   905.200012,           0.
     91,   1005.77777,           0.
     92,   1106.35559,           0.
     93,   1206.93335,           0.
     94,   1307.51111,           0.
     95,   1408.08887,           0.
     96,   1508.66663,           0.
     97,   1609.24438,           0.
     98,   1709.82227,           0.
     99,   1810.40002,           0.
    100,   1910.97778,           0.
    101,   2011.55554,           0.
    102,    2112.1333,           0.
    103,   2212.71118,           0.
    104,   2313.28882,           0.
    105,    2413.8667,           0.
    106,   2514.44434,           0.
    107,   2615.02222,           0.
    108,   3192.04321,   160.352753
    109,    3832.1582,   90.1791916
    110,   3047.56763,   87.7898254
    111,    3114.8689,   121.368736
    112,   4551.66113,   88.2962799
    113,   4440.09912,   85.9057159
    114,   4335.86719,   90.2557678
    115,   4388.27588,   182.393555
    116,     4232.104,   90.5522537
    117,   4131.12305,   90.6186295
    118,   4031.02368,   90.7560425
    119,   3932.03735,    90.495163
    120,   3733.57739,   84.2996826
    121,    3652.5813,   67.4138947
    122,   3571.51514,   84.0413971
    123,    3471.7168,   92.3363495
    124,   3360.79443,   106.715172
    125,   3254.61938,   87.2164764
    126,   3357.55249,   203.168076
    127,   3439.31006,   187.448471
    128,   3539.64331,   178.339157
    129,    3652.1582,   161.929169
    130,   3764.49634,   176.360001
    131,   3866.20361,   179.886353
    132,   3966.32153,   180.564987
    133,   4066.15967,   180.695923
    134,   4167.20557,   180.671173
    135,   4271.40869,   180.812119
    136,   4641.89307,    62.742588
    137,   4485.69727,   152.469116
    138,   3278.33496,   183.075409
    139,   3176.40259,     73.78759
    140,   1650.35608,   259.177826
    141,   2712.81299,   81.7753525
    142,   2937.43774,   216.251923
    143,   2795.21802,   134.721603
    144,   2871.06738,   181.388199
    145,   436.944977,   189.393448
    146,   348.035065,   105.789825
    147,   252.684784,   76.1579666
    148,   1692.18042,    257.35025
    149,   1560.84875,   214.767548
    150,   1280.47778,    182.90033
    151,   1795.27881,   193.435287
    152,   1906.15649,   193.719223
    153,   2008.51672,   193.758163
    154,   2109.15479,    193.76416
    155,   2209.45313,   193.770554
    156,    2309.6709,   193.805405
    157,   2409.78125,   194.014099
    158,    2508.6853,   196.521683
    159,   2605.84692,   199.003815
    160,   2709.87524,    190.99855
    161,   2798.23218,   218.621674
    162,    556.26532,   166.643784
    163,   673.652588,   179.415695
    164,   777.315918,   182.058273
    165,   878.621704,   182.557907
    166,    979.06073,   182.651016
    167,   1079.81165,   182.519409
    168,   1179.72437,   182.754608
    169,   1381.27173,   187.161148
    170,   1476.48853,    200.76413
    171,   638.256409,   84.2025757
    172,   553.236145,   68.1645813
    173,   466.613586,   88.3319397
    174,    2557.7959,   101.346115
    175,   2461.08862,    97.806572
    176,   2361.55151,   96.7349548
    177,   2261.30957,   96.5109634
    178,   2160.91016,   96.4661331
    179,   2060.37573,     96.45755
    180,   1959.24353,    96.455162
    181,   1856.62268,   95.7534485
    182,   1755.77026,   89.7782516
    183,   1659.07996,   83.0429459
    184,    1563.8949,    83.083786
    185,    1459.8678,   102.240456
    186,   1347.30432,   93.8436813
    187,   1244.73303,   91.6410522
    188,   1143.86548,   91.2214279
    189,   1043.33105,   91.1345673
    190,   942.757385,   91.1176147
    191,   841.631042,   90.9733658
    192,   739.920471,   89.4416504
    193,   1621.59473,   225.551285
    194,   1667.98547,   215.643829
    195,   1723.26294,   224.568665
    196,   2640.27051,   114.624763
    197,   1702.65747,   161.545441
    198,   1535.13342,   152.731918
    199,   1615.88501,   162.338104