********************************************************************************
Field Output Report, written Mon Mar 13 21:18:01 2023

Source 1
---------

   ODB: D:/Abaqus_babaqus/TermalPlotina.odb
   Step: Heatstep
   Frame: Increment      1: Step Time =    1.000

Loc 1 : Nodal values from source 1

Output sorted by column "Node Label".

Field Output reported at nodes for part: TEPLOPROV-1

       Node Label             NT11
                            @Loc 1
-----------------------------------
                1   2.50000000E+01
                2   2.49532146E+01
                3   2.50000000E+01
                4   2.50000000E+01
                5   2.50000000E+01
                6   2.50000000E+01
                7   5.00000000E+00
                8   5.00000000E+00
                9   5.00000000E+00
               10   5.00000000E+00
               11   2.49980392E+01
               12   2.49950809E+01
               13   2.49902287E+01
               14   2.49827137E+01
               15   2.49709110E+01
               16   2.49727783E+01
               17   2.49838276E+01
               18   2.49902897E+01
               19   2.49943447E+01
               20   2.49967918E+01
               21   2.49981480E+01
               22   2.49989452E+01
               23   2.49994087E+01
               24   2.49996681E+01
               25   2.49998131E+01
               26   2.49998932E+01
               27   2.49999390E+01
               28   2.49999657E+01
               29   2.49999809E+01
               30   2.49999886E+01
               31   2.49999943E+01
               32   2.49999962E+01
               33   2.49999981E+01
               34   2.50000000E+01
               35   2.50000000E+01
               36   2.50000000E+01
               37   2.50000000E+01
               38   2.50000000E+01
               39   2.50000000E+01
               40   2.50000000E+01
               41   2.50000000E+01
               42   2.50000000E+01
               43   2.50000000E+01
               44   2.50000000E+01
               45   2.50000000E+01
               46   2.50000000E+01
               47   2.50000000E+01
               48   2.50000000E+01
               49   2.50000000E+01
               50   2.50000000E+01
               51   2.50000000E+01
               52   2.50000000E+01
               53   2.50000000E+01
               54   2.50000000E+01
               55   2.50000000E+01
               56   2.50000000E+01
               57   2.50000000E+01
               58   2.50000000E+01
               59   2.50000000E+01
               60   2.50000000E+01
               61   2.50000000E+01
               62   2.50000000E+01
               63   2.50000000E+01
               64   2.50000000E+01
               65   2.50000000E+01
               66   2.50000000E+01
               67   5.00000000E+00
               68   5.00000000E+00
               69   5.00000000E+00
               70   5.00000000E+00
               71   5.00000000E+00
               72   5.00000000E+00
               73   5.00000000E+00
               74   5.00000000E+00
               75   5.00000000E+00
               76   5.00000000E+00
               77   5.00000000E+00
               78   5.00000000E+00
               79   5.00000000E+00
               80   5.00000000E+00
               81   5.00000000E+00
               82   5.00023365E+00
               83   5.00126076E+00
               84   5.00381088E+00
               85   5.00840807E+00
               86   5.01588488E+00
               87   5.02890110E+00
               88   5.05187559E+00
               89   5.09225035E+00
               90   5.16362572E+00
               91   5.28996468E+00
               92   5.51371002E+00
               93   5.90984535E+00
               94   6.61050463E+00
               95   7.83732796E+00
               96   9.83779335E+00
               97   1.27838364E+01
               98   1.62740860E+01
               99   1.93631496E+01
              100   2.15664501E+01
              101   2.29634094E+01
              102   2.38034801E+01
              103   2.42993603E+01
              104   2.45902348E+01
              105   2.47605400E+01
              106   2.48602486E+01
              107   2.49186306E+01
              108   2.49977207E+01
              109   2.49999218E+01
              110   2.49929962E+01
              111   2.49955692E+01
              112   2.50000000E+01
              113   2.49999981E+01
              114   2.49999962E+01
              115   2.49999981E+01
              116   2.49999924E+01
              117   2.49999866E+01
              118   2.49999752E+01
              119   2.49999561E+01
              120   2.49998589E+01
              121   2.49997654E+01
              122   2.49996433E+01
              123   2.49993839E+01
              124   2.49988785E+01
              125   2.49977818E+01
              126   2.49994507E+01
              127   2.49995975E+01
              128   2.49997559E+01
              129   2.49998512E+01
              130   2.49999313E+01
              131   2.49999638E+01
              132   2.49999790E+01
              133   2.49999886E+01
              134   2.49999943E+01
              135   2.49999962E+01
              136   2.50000000E+01
              137   2.50000000E+01
              138   2.49988651E+01
              139   2.49964333E+01
              140   1.21693125E+01
              141   2.49569664E+01
              142   2.49942703E+01
              143   2.49771595E+01
              144   2.49884605E+01
              145   5.00473785E+00
              146   5.00429249E+00
              147   5.00183964E+00
              148   1.98680973E+01
              149   8.21506786E+00
              150   5.70313883E+00
              151   2.11206398E+01
              152   2.30733318E+01
              153   2.39209156E+01
              154   2.43767967E+01
              155   2.46367569E+01
              156   2.47876644E+01
              157   2.48758392E+01
              158   2.49285660E+01
              159   2.49589119E+01
              160   2.49743500E+01
              161   2.49882946E+01
              162   5.01267385E+00
              163   5.02257681E+00
              164   5.04010534E+00
              165   5.07121897E+00
              166   5.12611055E+00
              167   5.22408867E+00
              168   5.39525795E+00
              169   6.22060156E+00
              170   6.96262932E+00
              171   5.03150797E+00
              172   5.02006245E+00
              173   5.01116943E+00
              174   2.49047756E+01
              175   2.48387108E+01
              176   2.47247086E+01
              177   2.45296078E+01
              178   2.41959057E+01
              179   2.36247349E+01
              180   2.26412849E+01
              181   2.09244308E+01
              182   1.81122417E+01
              183   1.44897690E+01
              184   1.10050335E+01
              185   8.24115944E+00
              186   6.74263430E+00
              187   5.97916985E+00
              188   5.55275869E+00
              189   5.31216097E+00
              190   5.17614889E+00
              191   5.09903955E+00
              192   5.05564213E+00
              193   1.05191841E+01
              194   1.50392303E+01
              195   1.96626034E+01
              196   2.49416790E+01
              197   1.68069611E+01
              198   9.21052265E+00
              199   1.20748396E+01


  Minimum           5.00000000E+00
          At Node               81

  Maximum           2.50000000E+01
          At Node              137

            Total   3.65241636E+03


