1,         336.,        1698.
      2,         112.,        1698.
      3,   6.94999981,        1698.
      4,  -6.94999981,        1698.
      5,        -112.,        1698.
      6,        -336.,        1698.
      7,        -336.,        1662.
      8,         336.,        1662.
      9,   -2.4000001,        1733.
     10,    2.4000001,        1733.
     11,           4.,        1734.
     12,          -4.,        1734.
     13,         -16.,        1730.
     14,   325.818176,        1698.
     15,   315.636353,        1698.
     16,   305.454559,        1698.
     17,   295.272736,        1698.
     18,   285.090912,        1698.
     19,   274.909088,        1698.
     20,   264.727264,        1698.
     21,   254.545456,        1698.
     22,   244.363632,        1698.
     23,   234.181824,        1698.
     24,         224.,        1698.
     25,   213.818176,        1698.
     26,   203.636368,        1698.
     27,   193.454544,        1698.
     28,    183.27272,        1698.
     29,   173.090912,        1698.
     30,   162.909088,        1698.
     31,    152.72728,        1698.
     32,   142.545456,        1698.
     33,   132.363632,        1698.
     34,   122.181816,        1698.
     35,   102.449997,        1698.
     36,   92.9000015,        1698.
     37,   83.3499985,        1698.
     38,   73.8000031,        1698.
     39,        64.25,        1698.
     40,   54.7000008,        1698.
     41,   45.1500015,        1698.
     42,   35.5999985,        1698.
     43,   26.0499992,        1698.
     44,         16.5,        1698.
     45,        -16.5,        1698.
     46,  -26.0499992,        1698.
     47,  -35.5999985,        1698.
     48,  -45.1500015,        1698.
     49,  -54.7000008,        1698.
     50,       -64.25,        1698.
     51,  -73.8000031,        1698.
     52,  -83.3499985,        1698.
     53,  -92.9000015,        1698.
     54,  -102.449997,        1698.
     55,  -122.181816,        1698.
     56,  -132.363632,        1698.
     57,  -142.545456,        1698.
     58,   -152.72728,        1698.
     59,  -162.909088,        1698.
     60,  -173.090912,        1698.
     61,   -183.27272,        1698.
     62,  -193.454544,        1698.
     63,  -203.636368,        1698.
     64,  -213.818176,        1698.
     65,        -224.,        1698.
     66,  -234.181824,        1698.
     67,  -244.363632,        1698.
     68,  -254.545456,        1698.
     69,  -264.727264,        1698.
     70,  -274.909088,        1698.
     71,  -285.090912,        1698.
     72,  -295.272736,        1698.
     73,  -305.454559,        1698.
     74,  -315.636353,        1698.
     75,  -325.818176,        1698.
     76,        -336.,        1689.
     77,        -336.,        1680.
     78,        -336.,        1671.
     79,  -325.970154,        1662.
     80,  -315.940308,        1662.
     81,  -305.910461,        1662.
     82,  -295.880585,        1662.
     83,  -285.850739,        1662.
     84,  -275.820892,        1662.
     85,  -265.791046,        1662.
     86,    -255.7612,        1662.
     87,  -245.731339,        1662.
     88,  -235.701492,        1662.
     89,  -225.671646,        1662.
     90,  -215.641785,        1662.
     91,  -205.611938,        1662.
     92,  -195.582092,        1662.
     93,  -185.552246,        1662.
     94,  -175.522385,        1662.
     95,  -165.492538,        1662.
     96,  -155.462692,        1662.
     97,  -145.432831,        1662.
     98,  -135.402985,        1662.
     99,  -125.373131,        1662.
    100,  -115.343285,        1662.
    101,  -105.313431,        1662.
    102,  -95.2835846,        1662.
    103,  -85.2537308,        1662.
    104,   -75.223877,        1662.
    105,  -65.1940308,        1662.
    106,  -55.1641808,        1662.
    107,  -45.1343269,        1662.
    108,  -35.1044769,        1662.
    109,  -25.0746269,        1662.
    110,   -15.044776,        1662.
    111,  -5.01492548,        1662.
    112,   5.01492548,        1662.
    113,    15.044776,        1662.
    114,   25.0746269,        1662.
    115,   35.1044769,        1662.
    116,   45.1343269,        1662.
    117,   55.1641808,        1662.
    118,   65.1940308,        1662.
    119,    75.223877,        1662.
    120,   85.2537308,        1662.
    121,   95.2835846,        1662.
    122,   105.313431,        1662.
    123,   115.343285,        1662.
    124,   125.373131,        1662.
    125,   135.402985,        1662.
    126,   145.432831,        1662.
    127,   155.462692,        1662.
    128,   165.492538,        1662.
    129,   175.522385,        1662.
    130,   185.552246,        1662.
    131,   195.582092,        1662.
    132,   205.611938,        1662.
    133,   215.641785,        1662.
    134,   225.671646,        1662.
    135,   235.701492,        1662.
    136,   245.731339,        1662.
    137,     255.7612,        1662.
    138,   265.791046,        1662.
    139,   275.820892,        1662.
    140,   285.850739,        1662.
    141,   295.880585,        1662.
    142,   305.910461,        1662.
    143,   315.940308,        1662.
    144,   325.970154,        1662.
    145,         336.,        1671.
    146,         336.,        1680.
    147,         336.,        1689.
    148,      -5.8125,      1706.75
    149,  -4.67500019,       1715.5
    150,   -3.5374999,      1724.25
    151,    3.5374999,      1724.25
    152,   4.67500019,       1715.5
    153,       5.8125,      1706.75
    154,   102.181816,   1701.27271
    155,   92.3636398,   1704.54541
    156,   82.5454559,   1707.81824
    157,    72.727272,   1711.09094
    158,   62.9090919,   1714.36365
    159,   53.0909081,   1717.63635
    160,    43.272728,   1720.90906
    161,   33.4545441,   1724.18176
    162,    23.636364,   1727.45459
    163,    13.818182,   1730.72729
    164,  -25.6000004,   1726.80005
    165,  -35.2000008,   1723.59998
    166,  -44.7999992,   1720.40002
    167,  -54.4000015,   1717.19995
    168,         -64.,        1714.
    169,  -73.5999985,   1710.80005
    170,  -83.1999969,   1707.59998
    171,  -92.8000031,   1704.40002
    172,  -102.400002,   1701.19995
    173,   -317.21582,   1679.90808
    174,  -295.632568,   1679.79846
    175,  -275.254272,   1679.76746
    176,  -254.790009,   1679.81873
    177,  -232.268738,   1678.58252
    178,  -211.847122,   1678.65649
    179,  -187.397461,   1681.33044
    180,  -166.830734,    1680.7832
    181,  -146.592224,   1681.36682
    182,  -124.142708,   1680.17529
    183,  -103.995628,    1680.0979
    184,  -84.3630981,   1679.97168
    185,  -64.6445999,   1680.06555
    186,  -44.7227325,   1680.14612
    187,  -22.3484707,   1681.69934
    188,  0.106391922,    1675.3584
    189,   22.4624405,   1681.62598
    190,   44.7473946,    1679.9364
    191,   64.6365891,   1679.86279
    192,   84.2403793,   1680.08606
    193,   103.875343,   1680.24866
    194,   124.096199,   1680.22095
    195,   146.585312,   1681.43262
    196,     166.8237,   1680.80762
    197,   187.308945,   1681.26001
    198,   211.757919,   1678.60132
    199,   232.248032,   1678.58179
    200,   254.780426,   1679.82385
    201,   275.255676,    1679.7688
    202,    295.63092,   1679.79346
    203,   317.216034,   1679.90942
    204,  -326.935272,   1674.66724
    205,   326.894409,   1685.26917
    206,  -326.879333,    1685.2655
    207,   326.921722,   1674.66675
    208,  -39.9173088,   1689.21875
    209,  -69.2958221,   1689.02856
    210,  -88.6974945,   1689.00916
    211,  -98.3817749,   1689.04968
    212,  -79.0052719,   1689.00085
    213,  -59.5684509,    1689.0498
    214,  -49.7995949,   1689.08679
    215,  -29.9586792,   1689.78357
    216,   -21.552002,    1691.3468
    217,   59.5682831,   1688.90686
    218,   30.0107422,   1689.69861
    219,   78.9482269,   1689.02258
    220,   108.077911,   1689.14795
    221,     21.62117,   1691.30872
    222,   39.9446869,   1689.13281
    223,   49.8105316,   1688.96155
    224,   69.2761154,   1688.95728
    225,    88.621666,   1689.09143
    226,   98.3243561,    1689.1178
    227,  -108.146774,   1689.06677
    228,    13.011858,   1689.14575
    229,  -12.9149523,   1689.16895
    230,   319.396423,   1669.85388
    231,   191.985001,   1671.07764
    232,  -290.695068,   1670.85583
    233,   211.408905,   1668.92517
    234,    239.81871,   1670.34412
    235,   260.320892,   1670.88037
    236,   280.575745,   1670.84839
    237,   300.839905,   1670.85083
    238,   181.390671,   1670.91724
    239,   202.644409,   1670.41931
    240,   221.431931,   1671.50415
    241,   230.974365,   1668.88599
    242,   250.098022,   1670.78113
    243,   270.470734,    1670.8833
    244,   290.697052,   1670.86938
    245,   310.885986,   1670.73914
    246,   69.8687744,   1670.94312
    247, 0.0627872795,   1667.72583
    248,   8.18890285,   1669.49646
    249,   29.2038345,   1671.29395
    250,   49.9112358,   1670.91724
    251,   109.607346,   1671.14832
    252,    129.95752,   1671.18506
    253,   171.182892,    1670.8175
    254,   -18.323061,   1670.93896
    255,  -39.7206497,   1671.15869
    256,  -59.9207726,   1671.04407
    257,  -79.8462906,   1670.99158
    258,  -99.7086258,   1671.03381
    259,  -310.898621,   1670.73254
    260,  -250.100952,   1670.78442
    261,  -230.985992,    1668.9259
    262,  -181.429413,   1670.94409
    263,  -161.062744,   1670.80786
    264,  -270.467438,   1670.86633
    265,  -202.703629,   1670.46729
    266,  -140.506317,   1671.29663
    267,  -119.741722,   1671.09106
    268,   89.6973343,   1671.08545
    269,   150.924164,   1670.99158
    270,  -319.392029,   1669.86157
    271,   -300.83844,   1670.86975
    272,  -280.582855,   1670.87109
    273,  -260.329803,   1670.87671
    274,  -239.829025,   1670.31628
    275,  -221.464417,   1671.51611
    276,  -211.453781,   1668.92798
    277,  -192.054031,   1671.12866
    278,  -171.201096,   1670.82288
    279,  -150.927139,   1670.97131
    280,  -129.980331,   1671.15857
    281,  -109.674973,   1671.06116
    282,  -89.7729034,   1671.00305
    283,  -69.8924637,   1671.01611
    284,  -49.9002876,   1671.07581
    285,  -29.1464386,    1671.3739
    286,  -8.07515812,   1669.50549
    287,   18.4023323,    1670.8999
    288,    39.743969,   1671.07397
    289,   59.9212723,   1670.91943
    290,   79.7896194,   1671.01099
    291,   99.6330414,   1671.11694
    292,   119.703384,   1671.13586
    293,   140.499161,   1671.34326
    294,   161.066238,   1670.84143
    295,  -319.257385,   1690.05127
    296,   -269.96817,   1688.86707
    297,  -300.572845,   1688.92126
    298,  -249.399078,   1688.84595
    299,  -207.244614,   1688.88342
    300,  -228.261124,   1688.98279
    301,  -187.639664,   1691.02942
    302,   290.348724,   1688.85779
    303,   118.093193,   1689.13159
    304,  -177.515472,   1688.31189
    305,  -196.505341,   1689.54565
    306,  -217.924805,   1688.99817
    307,  -238.776672,   1688.66931
    308,  -259.749695,   1688.88708
    309,  -280.159607,   1688.86438
    310,  -290.356232,   1688.88684
    311,  -310.691742,   1689.11865
    312,   147.552765,   1691.07275
    313,   128.352798,   1689.23694
    314,   177.487961,   1688.29492
    315,   217.887772,   1688.98584
    316,   196.447861,   1689.49292
    317,  -138.690628,   1689.64954
    318,  -157.233109,   1688.30334
    319,  -118.131233,   1689.09167
    320,   238.768509,   1688.69812
    321,   259.741302,   1688.89185
    322,   310.703491,   1689.10669
    323,   319.253693,   1690.05701
    324,   300.570526,   1688.92981
    325,   280.160492,   1688.85999
    326,   269.975647,   1688.88708
    327,   249.395813,   1688.84204
    328,    228.23436,   1688.94971
    329,   207.178116,   1688.83191
    330,   187.594406,   1691.00952
    331,   167.505524,   1690.68298
    332,   157.230728,    1688.3468
    333,   138.682007,   1689.69885
    334,  -128.370865,   1689.21741
    335,  -147.557739,   1691.06396
    336,  -167.515869,   1690.67969
    337,   34.3521767,   1680.46033
    338,  -34.3023796,   1680.56335
    339,   -54.759407,     1680.078
    340,   94.0653534,   1680.12439
    341,  -265.093231,   1679.84717
    342,    265.09079,   1679.85583
    343,  -176.874832,   1678.43848
    344,   54.7658844,   1679.91736
    345,  -285.446747,    1679.8407
    346,   285.444763,   1679.83301
    347,  -113.972176,   1680.09729
    348,   113.908897,   1680.17224
    349,   -156.52919,   1678.44641
    350,   156.526031,   1678.48401
    351,   176.838837,   1678.41943
    352,   74.4599533,   1679.98047
    353,  -74.5079269,   1680.01233
    354,  -305.975006,   1679.89148
    355,   305.974487,   1679.88818
    356,  -222.353241,   1681.34717
    357,  -244.194077,   1679.50281
    358,   222.311996,   1681.32458
    359,   244.184921,   1679.51184
    360,  -134.713852,   1680.47742
    361,   134.695496,   1680.51965
    362, 0.0579057857,   1686.80945
    363,  -94.1532516,   1680.02759
    364,  -10.2495575,   1678.91345
    365,   10.3716383,   1678.88928
    366,   199.553711,   1679.94714
    367,  -199.625366,   1680.00195
    368,    12.920495,   1704.10156
    369,  -13.0015516,   1711.83777
    370,  -13.8506098,   1720.80151
    371,   13.9177217,   1711.50879
    372,  -31.7125111,   1706.55444
    373,  -41.1128654,   1706.01843
    374,  -59.1181068,   1706.50525
    375,  -50.0418625,   1706.42688
    376,   -21.226778,   1707.27039
    377,   40.2533836,   1706.04871
    378,   30.6631317,   1706.35718
    379,   49.4261131,   1706.49976
    380,   58.9282112,   1706.73792
    381,   20.8319359,   1705.62805
    382,  -12.6981659,   1704.37158
    383,  -37.8381577,    1714.1936
    384,  -28.6445084,   1715.80664
    385,   24.6852074,    1715.7655
    386,   36.1273727,   1714.38013
    387,   14.0449963,   1720.86768
    388,   69.1933365,   1706.00183
    389,  -45.6385765,   1712.84778
    390,   44.4341011,   1713.09485
    391,  -20.4646893,    1716.5033
    392,  -66.9536209,   1705.46106