 1,   42.5999985,           0.
      2,        529.5,        270.5
      3,        484.5,         293.
      4,        469.5,         293.
      5,         462.,         290.
      6,        424.5,         275.
      7,        412.5,         275.
      8,           0.,           0.
      9,   1028.40002,           0.
     10,        541.5,        270.5
     11,   64.7318192,    12.295455
     12,   86.8636398,     24.59091
     13,   108.995453,    36.886364
     14,   131.127274,   49.1818199
     15,   153.259094,    61.477272
     16,   175.390915,    73.772728
     17,    197.52272,   86.0681839
     18,   219.654541,   98.3636398
     19,   241.786362,   110.659088
     20,   263.918182,   122.954544
     21,   286.049988,       135.25
     22,   308.181824,   147.545456
     23,   330.313629,   159.840912
     24,   352.445465,   172.136368
     25,   374.577271,   184.431824
     26,   396.709076,    196.72728
     27,   418.840912,    209.02272
     28,   440.972717,   221.318176
     29,   463.104553,   233.613632
     30,   485.236359,   245.909088
     31,   507.368195,   258.204559
     32,         507.,       281.75
     33,       443.25,        282.5
     34,      391.875,       261.25
     35,       371.25,        247.5
     36,      350.625,       233.75
     37,         330.,         220.
     38,      309.375,       206.25
     39,       288.75,        192.5
     40,      268.125,       178.75
     41,        247.5,         165.
     42,      226.875,       151.25
     43,       206.25,        137.5
     44,      185.625,       123.75
     45,         165.,         110.
     46,      144.375,        96.25
     47,       123.75,         82.5
     48,      103.125,        68.75
     49,         82.5,          55.
     50,       61.875,        41.25
     51,        41.25,         27.5
     52,       20.625,        13.75
     53,   21.2999992,           0.
     54,   67.8769226,           0.
     55,   93.1538467,           0.
     56,   118.430771,           0.
     57,   143.707687,           0.
     58,   168.984619,           0.
     59,   194.261536,           0.
     60,   219.538467,           0.
     61,   244.815384,           0.
     62,   270.092316,           0.
     63,   295.369232,           0.
     64,   320.646149,           0.
     65,   345.923065,           0.
     66,   371.200012,           0.
     67,   396.476929,           0.
     68,   421.753845,           0.
     69,   447.030762,           0.
     70,   472.307678,           0.
     71,   497.584625,           0.
     72,   522.861511,           0.
     73,   548.138489,           0.
     74,   573.415405,           0.
     75,   598.692322,           0.
     76,   623.969238,           0.
     77,   649.246155,           0.
     78,   674.523071,           0.
     79,   699.799988,           0.
     80,   725.076904,           0.
     81,   750.353821,           0.
     82,   775.630798,           0.
     83,   800.907715,           0.
     84,   826.184631,           0.
     85,   851.461548,           0.
     86,   876.738464,           0.
     87,   902.015381,           0.
     88,   927.292297,           0.
     89,   952.569214,           0.
     90,    977.84613,           0.
     91,   1003.12305,           0.
     92,   1006.26819,    12.295455
     93,   984.136353,     24.59091
     94,   962.004517,    36.886364
     95,   939.872742,   49.1818199
     96,   917.740906,    61.477272
     97,    895.60907,    73.772728
     98,   873.477295,   86.0681839
     99,   851.345459,   98.3636398
    100,   829.213623,   110.659088
    101,   807.081848,   122.954544
    102,   784.950012,       135.25
    103,   762.818176,   147.545456
    104,    740.68634,   159.840912
    105,   718.554565,   172.136368
    106,   696.422729,   184.431824
    107,   674.290894,    196.72728
    108,   652.159119,    209.02272
    109,   630.027283,   221.318176
    110,   607.895447,   233.613632
    111,   585.763611,   245.909088
    112,   563.631836,   258.204559
    113,   470.005005,   279.543518
    114,    413.20575,   257.930756
    115,   437.627167,   260.708527
    116,   486.158051,    269.33963
    117,   223.930527,   124.709877
    118,    245.10907,   137.553879
    119,   309.289581,   176.902924
    120,   331.146973,    189.86972
    121,    355.88562,   204.168152
    122,   394.434082,   240.808456
    123,   287.840118,   163.616348
    124,   266.423737,   150.520798
    125,   202.448364,   111.635658
    126,   374.647858,   224.909653
    127,    420.97699,   235.749222
    128,   445.104034,   241.804047
    129,   463.170685,   257.859283
    130,   455.210571,   274.122284
    131,   181.655579,   98.9018326
    132,   379.742889,    205.71846
    133,   397.558624,   218.822632
    134,   163.936111,    88.080368
    135,   535.079102,   249.572296
    136,   485.444183,   220.959732
    137,     462.8367,    208.34462
    138,   440.583649,   196.013184
    139,   418.427704,   183.711823
    140,   396.291138,   171.415543
    141,   374.158264,   159.120041
    142,   352.026184,   146.824677
    143,   329.898468,    134.50238
    144,   307.792938,     122.0401
    145,   285.634277,   109.756294
    146,    263.08197,   97.3625031
    147,   240.329071,   85.6767502
    148,   218.581421,   73.7939301
    149,   197.157364,   61.7819633
    150,   176.007172,   49.7062645
    151,   154.509216,   37.1347275
    152,   131.470657,   22.3569584
    153,   939.888733,   23.7680073
    154,   912.558044,   21.9856796
    155,    887.71167,   21.2618332
    156,   863.463196,   21.2697773
    157,   838.412048,    22.262085
    158,   812.912292,   22.2586117
    159,   787.851746,    22.066473
    160,   762.851196,   21.8895302
    161,   737.691772,   21.8933773
    162,   712.434448,   21.8938789
    163,   687.160828,   21.8936806
    164,    661.88446,   21.8934078
    165,   636.607666,   21.8932667
    166,    611.33075,   21.8931637
    167,   586.053833,   21.8929691
    168,   560.776917,   21.8928108
    169,        535.5,   21.8927765
    170,   510.223083,   21.8928833
    171,   484.946167,   21.8930073
    172,    459.66925,   21.8931465
    173,   434.392334,   21.8933067
    174,   409.115417,   21.8934917
    175,   383.838501,   21.8937092
    176,   358.561584,   21.8939686
    177,   333.284668,   21.8942757
    178,   308.007782,   21.8946552
    179,   282.887115,   22.0794945
    180,   257.981384,   22.3944912
    181,   232.652893,   22.7518501
    182,    206.84494,   22.3399982
    183,   178.888702,    23.763586
    184,   560.282043,   233.395691
    185,   584.475342,   220.224518
    186,   607.977356,   208.197723
    187,   630.385254,   195.989365
    188,   652.567078,   183.707977
    189,   674.707947,   171.414886
    190,   696.841614,   159.119949
    191,   718.973816,   146.824738
    192,    741.10083,   134.502075
    193,   763.201721,   122.037613
    194,   785.331116,    109.60453
    195,   807.891663,   96.9792099
    196,   830.696228,   85.2627487
    197,   852.404663,   73.2476654
    198,    874.15448,   60.5756912
    199,   897.700562,   45.5111771
    200,   509.058502,   233.985565
    201,   963.289001,   17.0490551
    202,   548.138428,   43.7874489
    203,   851.560852,   46.3783112
    204,   649.245911,   43.7889938
    205,   750.513977,   43.4327164
    206,   522.861572,   43.7877541
    207,   497.584747,   43.7881165
    208,   472.307831,   43.7885056
    209,   447.030945,   43.7889328
    210,   421.754059,   43.7894287
    211,   396.524139,   43.6680069
    212,    370.72464,   44.1652832
    213,   345.066467,   43.6214027
    214,     320.1633,   43.4713097
    215,    295.59256,   43.8547058
    216,   271.425995,   44.3520241
    217,    219.34996,    47.308136
    218,   195.649628,   40.9799881
    219,   246.672546,   45.1887169
    220,   573.415283,   43.7879181
    221,   598.692139,   43.7883949
    222,   623.968994,   43.7890778
    223,   674.453735,   43.7690086
    224,   700.226807,   44.3845215
    225,   725.921143,   43.7196808
    226,   775.067078,   43.6719246
    227,   799.385498,   43.9584923
    228,   824.255798,   44.6039886
    229,   107.782875,   16.7668457
    230,   630.849609,   170.693008
    231,   763.191895,   95.9984741
    232,   675.089539,   145.885925
    233,   719.153381,   121.357689
    234,   809.755066,   68.5849457
    235,   440.143921,   170.692795
    236,    351.79425,   121.121887
    237,   284.811768,   83.9646225
    238,   373.856293,   133.269394
    239,   307.632233,   96.0693893
    240,   462.335907,   182.956039
    241,   395.929993,   145.795929
    242,   261.110504,   69.0409241
    243,   484.658905,   195.426086
    244,   418.014526,   158.348389
    245,   329.954651,   108.745415
    246,      608.638,   182.877075
    247,   740.953857,   108.940948
    248,   652.986694,   158.363342
    249,   697.106262,    133.37355
    250,   874.918152,   38.9993591
    251,   785.981567,    83.525177
    252,    585.25592,   194.350311
    253,   508.210083,   207.456818
    254,   558.411194,   203.740738
    255,   155.512177,   16.6510544
    256,   533.724915,   219.921127
    257,   921.552185,   40.3847923
    258,   535.500061,   65.6850891
    259,   560.776733,   65.6854935
    260,   510.223389,   65.6858063
    261,   484.983398,   65.6193771
    262,   586.080139,   65.7834473
    263,   459.132172,   66.1778183
    264,   611.921692,   66.4318237
    265,   637.425049,   65.7794418
    266,   433.564636,     65.65905
    267,   662.127808,   65.6313171
    268,   408.850372,   65.3985977
    269,   687.593506,   66.6277084
    270,   383.349762,   66.3750229
    271,   715.793884,   68.7282944
    272,   355.119995,    68.501915
    273,   739.115173,   61.4735718
    274,   331.680908,   61.4386406
    275,   762.965149,   67.6191254
    276,   307.786255,   67.7595139
    277,   786.630859,   61.4719353
    278,   284.145416,   61.7943573
    279,   833.734497,   63.6155319
    280,   237.208694,   64.2016907
    281,   483.578217,   169.632538
    282,   461.827454,   157.004059
    283,   439.899536,   144.783234
    284,   631.020935,   145.032791
    285,    418.11087,   132.284225
    286,   609.004578,   156.966553
    287,   652.831177,   132.461441
    288,   396.140137,   119.215614
    289,   674.820923,   119.497025
    290,    586.79541,   168.860031
    291,    373.73587,   107.567833
    292,   697.193909,   107.865608
    293,   352.249542,   95.7536316
    294,   718.653503,   95.9268494
    295,   330.737274,   83.0447464
    296,   740.112244,   83.1145401
    297,   505.398834,   181.461182
    298,   564.671814,   179.336792
    299,   565.046143,   154.790268
    300,   504.286591,   156.220505
    301,   548.105408,   87.9423065
    302,     573.5177,   87.5255356
    303,   522.596008,   88.2450562
    304,   698.786011,   86.0861511
    305,   497.383026,    87.588089
    306,   396.311707,   90.5223236
    307,   674.665039,   90.8169708
    308,   420.257629,   83.7500839
    309,   471.693054,   88.5540085
    310,   443.468811,     91.07901
    311,   650.696289,   84.0017242
    312,   627.408325,    91.283287
    313,   599.221497,   88.7796173
    314,   586.534424,    142.14447
    315,    608.93457,   130.899704
    316,   483.767426,   142.451904
    317,   630.418701,   119.112862
    318,   461.787262,   130.717575
    319,   440.463745,   118.858009
    320,   651.806763,   106.195557
    321,   419.125488,   105.951546
    322,   372.153381,   85.7441406
    323,   531.233337,   190.518372
    324,     563.2146,   128.906769
    325,    507.08902,   130.106766
    326,   543.220154,     166.7957
    327,   561.131714,    106.80706
    328,   535.352051,   117.110382
    329,   509.405579,   107.174858
    330,   586.134033,   113.379608
    331,   484.518372,   113.529625
    332,   610.423401,   108.691017
    333,   460.386261,   108.547646
    334,   549.384094,     185.0979
    335,   546.508728,   142.835068
    336,    521.96991,   168.313599
    337,   526.404419,   146.897003