********************************************************************************
Field Output Report, written Mon Mar 20 20:33:28 2023

Source 1
---------

   ODB: D:/Abaqus_babaqus/Termal-2-job.odb
   Step: Teploprov-2
   Frame: Increment      1: Step Time =    1.000

Loc 1 : Nodal values from source 1

Output sorted by column "Node Label".

Field Output reported at nodes for part: TEPLOPROV2-1

       Node Label             NT11
                            @Loc 1
-----------------------------------
                1   5.02803278E+00
                2   2.50000000E+01
                3   2.50000000E+01
                4   2.50000000E+01
                5   5.00000000E+00
                6   5.00000000E+00
                7   5.00000000E+00
                8   5.00000000E+00
                9   2.50000000E+01
               10   2.50000000E+01
               11   5.06944942E+00
               12   5.13177824E+00
               13   5.20968866E+00
               14   5.31009626E+00
               15   5.42846394E+00
               16   5.57414770E+00
               17   5.74742413E+00
               18   5.94675064E+00
               19   6.17643547E+00
               20   6.44190502E+00
               21   6.74844599E+00
               22   7.10595179E+00
               23   7.52744627E+00
               24   8.03406429E+00
               25   8.64730549E+00
               26   9.44339943E+00
               27   1.04972172E+01
               28   1.19531841E+01
               29   1.41809120E+01
               30   1.75808811E+01
               31   2.15391140E+01
               32   2.50000000E+01
               33   5.00000000E+00
               34   5.00000000E+00
               35   5.00000000E+00
               36   5.00000000E+00
               37   5.00000000E+00
               38   5.00000000E+00
               39   5.00000000E+00
               40   5.00000000E+00
               41   5.00000000E+00
               42   5.00000000E+00
               43   5.00000000E+00
               44   5.00000000E+00
               45   5.00000000E+00
               46   5.00000000E+00
               47   5.00000000E+00
               48   5.00000000E+00
               49   5.00000000E+00
               50   5.00000000E+00
               51   5.00000000E+00
               52   5.00000000E+00
               53   5.00444317E+00
               54   5.08425045E+00
               55   5.18193388E+00
               56   5.33055162E+00
               57   5.53655863E+00
               58   5.80789423E+00
               59   6.15242624E+00
               60   6.57173967E+00
               61   7.07285070E+00
               62   7.65842962E+00
               63   8.33101940E+00
               64   9.08995914E+00
               65   9.93218803E+00
               66   1.08514624E+01
               67   1.18376818E+01
               68   1.28773203E+01
               69   1.39534502E+01
               70   1.50462685E+01
               71   1.61346874E+01
               72   1.71980286E+01
               73   1.82175274E+01
               74   1.91774750E+01
               75   2.00660419E+01
               76   2.08754063E+01
               77   2.16013508E+01
               78   2.22427464E+01
               79   2.28012543E+01
               80   2.32805233E+01
               81   2.36851292E+01
               82   2.40205116E+01
               83   2.42928219E+01
               84   2.45085545E+01
               85   2.46749382E+01
               86   2.47986145E+01
               87   2.48854733E+01
               88   2.49422646E+01
               89   2.49765072E+01
               90   2.49935837E+01
               91   2.49990292E+01
               92   2.50000000E+01
               93   2.50000000E+01
               94   2.50000000E+01
               95   2.50000000E+01
               96   2.50000000E+01
               97   2.50000000E+01
               98   2.50000000E+01
               99   2.50000000E+01
              100   2.50000000E+01
              101   2.50000000E+01
              102   2.50000000E+01
              103   2.50000000E+01
              104   2.50000000E+01
              105   2.50000000E+01
              106   2.50000000E+01
              107   2.50000000E+01
              108   2.50000000E+01
              109   2.50000000E+01
              110   2.50000000E+01
              111   2.50000000E+01
              112   2.50000000E+01
              113   1.58964586E+01
              114   6.59526730E+00
              115   8.51319599E+00
              116   1.95127602E+01
              117   5.54963398E+00
              118   5.67602062E+00
              119   6.18545437E+00
              120   6.44740629E+00
              121   6.84350061E+00
              122   6.75390816E+00
              123   5.99125338E+00
              124   5.82211208E+00
              125   5.43981743E+00
              126   6.64790297E+00
              127   9.14356804E+00
              128   1.13179255E+01
              129   1.34641962E+01
              130   9.75737953E+00
              131   5.34918690E+00
              132   7.98245525E+00
              133   8.38881683E+00
              134   5.27819109E+00
              135   2.30523338E+01
              136   1.68023663E+01
              137   1.43686113E+01
              138   1.25657053E+01
              139   1.12195349E+01
              140   1.01797333E+01
              141   9.35404205E+00
              142   8.67873573E+00
              143   8.11203384E+00
              144   7.63061476E+00
              145   7.20757961E+00
              146   6.83050060E+00
              147   6.48421907E+00
              148   6.20566225E+00
              149   5.96168661E+00
              150   5.75477409E+00
              151   5.56939173E+00
              152   5.40640879E+00
              153   2.49708691E+01
              154   2.49227295E+01
              155   2.48522224E+01
              156   2.47524815E+01
              157   2.46126862E+01
              158   2.44225903E+01
              159   2.41823368E+01
              160   2.38839283E+01
              161   2.35185547E+01
              162   2.30793629E+01
              163   2.25626869E+01
              164   2.19642487E+01
              165   2.12807369E+01
              166   2.05118008E+01
              167   1.96598988E+01
              168   1.87307529E+01
              169   1.77340794E+01
              170   1.66839104E+01
              171   1.55980043E+01
              172   1.44967346E+01
              173   1.34018221E+01
              174   1.23345690E+01
              175   1.13140764E+01
              176   1.03553629E+01
              177   9.47047615E+00
              178   8.66777897E+00
              179   7.95493698E+00
              180   7.33335257E+00
              181   6.78766155E+00
              182   6.31881857E+00
              183   5.90098906E+00
              184   2.32729664E+01
              185   2.36011105E+01
              186   2.38708210E+01
              187   2.40488110E+01
              188   2.41880417E+01
              189   2.43047638E+01
              190   2.44057922E+01
              191   2.44947357E+01
              192   2.45729141E+01
              193   2.46407986E+01
              194   2.47030563E+01
              195   2.47596664E+01
              196   2.48187695E+01
              197   2.48593082E+01
              198   2.48946419E+01
              199   2.49220390E+01
              200   1.98172894E+01
              201   2.49887848E+01
              202   1.83088779E+01
              203   2.47479038E+01
              204   2.17295532E+01
              205   2.37895660E+01
              206   1.72654133E+01
              207   1.61732750E+01
              208   1.50531702E+01
              209   1.39276981E+01
              210   1.28211508E+01
              211   1.17578259E+01
              212   1.07289772E+01
              213   9.78498077E+00
              214   8.95028687E+00
              215   8.20685482E+00
              216   7.55799961E+00
              217   6.42555904E+00
              218   6.07023764E+00
              219   6.97593737E+00
              220   1.92867031E+01
              221   2.01866589E+01
              222   2.10021076E+01
              223   2.23666115E+01
              224   2.29329071E+01
              225   2.34070873E+01
              226   2.41073189E+01
              227   2.43638916E+01
              228   2.45722694E+01
              229   5.24938488E+00
              230   2.32631245E+01
              231   2.43426666E+01
              232   2.37187195E+01
              233   2.40710030E+01
              234   2.45722084E+01
              235   1.29263916E+01
              236   9.18426991E+00
              237   7.54649496E+00
              238   9.89120865E+00
              239   8.04650497E+00
              240   1.44379673E+01
              241   1.07164268E+01
              242   7.11682177E+00
              243   1.63006535E+01
              244   1.17072182E+01
              245   8.58413219E+00
              246   2.29620285E+01
              247   2.42138996E+01
              248   2.35098972E+01
              249   2.39010239E+01
              250   2.48351955E+01
              251   2.44704704E+01
              252   2.25216312E+01
              253   1.85592651E+01
              254   2.17005959E+01
              255   5.63958645E+00
              256   2.10114441E+01
              257   2.49633865E+01
              258   1.78984909E+01
              259   1.89379082E+01
              260   1.67939186E+01
              261   1.56468954E+01
              262   1.98980618E+01
              263   1.44523306E+01
              264   2.07902184E+01
              265   2.15642929E+01
              266   1.32784061E+01
              267   2.22267246E+01
              268   1.21819830E+01
              269   2.28287239E+01
              270   1.10965366E+01
              271   2.33994255E+01
              272   9.97759724E+00
              273   2.37281132E+01
              274   9.20157433E+00
              275   2.40965996E+01
              276   8.38198566E+00
              277   2.43245792E+01
              278   7.75830221E+00
              279   2.47144470E+01
              280   6.63985825E+00
              281   1.59720316E+01
              282   1.44741344E+01
              283   1.31760149E+01
              284   2.26098480E+01
              285   1.20798559E+01
              286   2.22121582E+01
              287   2.29328136E+01
              288   1.11413784E+01
              289   2.32142982E+01
              290   2.17274227E+01
              291   1.02893782E+01
              292   2.34957809E+01
              293   9.58236408E+00
              294   2.37211094E+01
              295   8.95762253E+00
              296   2.39211483E+01
              297   1.76646156E+01
              298   2.10890751E+01
              299   2.04236012E+01
              300   1.71891632E+01
              301   1.86052914E+01
              302   1.96371040E+01
              303   1.74738808E+01
              304   2.32504082E+01
              305   1.62905312E+01
              306   1.14607468E+01
              307   2.27929382E+01
              308   1.25921068E+01
              309   1.50433512E+01
              310   1.36631927E+01
              311   2.21215553E+01
              312   2.15486355E+01
              313   2.06016788E+01
              314   2.10317497E+01
              315   2.16108227E+01
              316   1.58231258E+01
              317   2.20645752E+01
              318   1.45194387E+01
              319   1.33857422E+01
              320   2.24502754E+01
              321   1.23873634E+01
              322   1.04782400E+01
              323   1.96376553E+01
              324   1.98048420E+01
              325   1.70618706E+01
              326   1.96523304E+01
              327   1.93741741E+01
              328   1.83501148E+01
              329   1.69862709E+01
              330   2.04686832E+01
              331   1.57438354E+01
              332   2.12613659E+01
              333   1.44690208E+01
              334   2.05106049E+01
              335   1.92871513E+01
              336   1.84746704E+01
              337   1.83231678E+01


  Minimum           5.00000000E+00
          At Node               52

  Maximum           2.50000000E+01
          At Node              112

            Total   5.28077385E+03


